125.111 -125.108 47.343 
133.661 -107.014 38.7374 
130.048 -106.406 35.0186 
128.522 -109.085 36.0635 
124.808 -108.46 32.2407 
126.335 -105.782 31.1958 
122.685 -105.168 27.4386 
117.649 -114.465 31.2958 
119.941 -114.761 33.5749 
114.786 -124.278 37.5231 
112.494 -123.982 35.244 
107.449 -133.297 39.1082 
125.111 -125.108 47.343 

128.864 -128.861 43.5907 
137.671 -110.224 34.727 
133.856 -109.583 30.8003 
132.33 -112.261 31.8452 
128.616 -111.637 28.0224 
130.143 -108.958 26.9775 
126.365 -108.323 23.0892 
121.092 -118.059 27.1284 
123.384 -118.355 29.4075 
118.229 -127.872 33.3557 
115.937 -127.576 31.0766 
110.673 -137.296 35.1088 
128.864 -128.861 43.5907 

107.39 -133.407 39.1537 
112.494 -123.982 35.244 
115.046 -124.549 37.2088 
120.2 -115.032 33.2606 
117.649 -114.465 31.2958 
122.685 -105.168 27.4386 
120.08 -100.448 22.358 
117.387 -102.249 22.0657 
114.727 -97.4269 16.875 
117.419 -95.6263 17.1673 
114.82 -90.916 12.0967 
105.756 -91.1872 6.81343 
104.94 -93.9276 8.35452 
95.667 -94.2051 2.94964 
96.4832 -91.4648 1.40855 
87.4128 -91.7362 -3.87835 
79.9245 -102.795 -0.197472 
82.255 -103.684 1.87287 
74.5975 -114.992 5.6369 
72.267 -114.103 3.56656 
64.7798 -125.16 7.24686 
69.1631 -131.241 14.4145 
71.7441 -129.267 14.5106 
76.2123 -135.465 21.8171 
73.6313 -137.439 21.721 
77.9863 -143.48 28.8425 
107.39 -133.407 39.1537 

110.612 -137.409 35.1558 
115.937 -127.576 31.0766 
118.489 -128.143 33.0414 
123.643 -118.626 29.0931 
121.092 -118.059 27.1284 
126.365 -108.323 23.0892 
123.648 -103.399 17.7884 
120.955 -105.199 17.4961 
118.294 -100.377 12.3054 
120.987 -98.5768 12.5977 
118.265 -93.6435 7.287 
108.783 -93.9272 1.76048 
107.967 -96.6676 3.30157 
98.6942 -96.9451 -2.10331 
99.5105 -94.2047 -3.6444 
90.0352 -94.4883 -9.16726 
82.2085 -106.047 -5.32008 
84.539 -106.936 -3.24974 
76.8815 -118.244 0.51429 
74.551 -117.355 -1.55606 
66.7232 -128.915 2.2917 
71.2763 -135.231 9.73707 
73.8573 -133.257 9.8331 
78.3255 -139.456 17.1396 
75.7445 -141.429 17.0436 
80.3259 -147.785 24.5352 
110.612 -137.409 35.1558 

114.82 -90.916 12.0967 
117.419 -95.6263 17.1673 
115.181 -97.8024 16.2935 
117.842 -102.624 21.4842 
120.08 -100.448 22.358 
122.685 -105.168 27.4386 
126.335 -105.782 31.1958 
125.195 -108.783 31.8123 
128.909 -109.407 35.6351 
130.048 -106.406 35.0186 
133.68 -107.017 38.7567 
148.381 -56.2053 24.0239 
144.446 -56.2999 20.3972 
143.648 -59.3133 21.3408 
139.63 -59.4099 17.6375 
140.427 -56.3964 16.6939 
136.504 -56.4907 13.0781 
129.336 -67.8702 12.7537 
131.161 -69.0879 15.1429 
123.825 -80.7352 14.8109 
122 -79.5174 12.4216 
114.82 -90.916 12.0967 

118.265 -93.6435 7.287 
120.987 -98.5768 12.5977 
118.748 -100.753 11.7239 
121.409 -105.575 16.9146 
123.648 -103.399 17.7884 
126.365 -108.323 23.0892 
130.143 -108.958 26.9775 
129.003 -111.959 27.594 
132.717 -112.584 31.4168 
133.856 -109.583 30.8003 
137.69 -110.228 34.7469 
152.832 -57.8915 19.572 
148.73 -57.99 15.792 
147.933 -61.0035 16.7355 
143.915 -61.1 13.0322 
144.712 -58.0866 12.0887 
140.599 -58.1855 8.29785 
133.094 -70.1004 7.95817 
134.919 -71.3182 10.3475 
127.583 -82.9654 10.0154 
125.758 -81.7476 7.62613 
118.265 -93.6435 7.287 

78.0203 -143.527 28.8982 
73.6313 -137.439 21.721 
76.4896 -135.989 21.2032 
72.0214 -129.791 13.8967 
69.1631 -131.241 14.4145 
64.7798 -125.16 7.24686 
54.9626 -125.644 4.71401 
54.5239 -128.033 6.87086 
44.4822 -128.528 4.2801 
44.921 -126.138 2.12325 
35.1 -126.622 -0.410581 
28.5925 -135.446 6.06294 
31.2931 -136.26 7.66788 
24.6472 -145.271 14.2791 
21.9466 -144.457 12.6742 
15.4458 -153.272 19.141 
78.0203 -143.527 28.8982 

80.3609 -147.833 24.5925 
75.7445 -141.429 17.0436 
78.6029 -139.979 16.5257 
74.1347 -133.781 9.21923 
71.2763 -135.231 9.73707 
66.7232 -128.915 2.2917 
56.457 -129.421 -0.356993 
56.0182 -131.81 1.79986 
45.9766 -132.305 -0.79091 
46.4153 -129.915 -2.94776 
36.153 -130.421 -5.59546 
29.3686 -139.62 1.15353 
32.0692 -140.434 2.75847 
25.4232 -149.446 9.36973 
22.7226 -148.631 7.76479 
15.9092 -157.87 14.5427 
80.3609 -147.833 24.5925 

64.7798 -125.16 7.24686 
72.267 -114.103 3.56656 
74.8852 -115.402 4.99164 
82.5427 -104.093 1.22761 
79.9245 -102.795 -0.197471 
87.4128 -91.7362 -3.87835 
82.7938 -83.7955 -9.35897 
79.9729 -85.4056 -9.31433 
75.2534 -77.2921 -14.9142 
78.0743 -75.682 -14.9588 
73.4635 -67.7555 -20.4297 
62.012 -67.927 -23.5904 
61.6629 -70.8242 -22.1682 
49.9435 -70.9997 -25.4028 
50.2926 -68.1025 -26.8249 
38.8249 -68.2743 -29.99 
31.4985 -79.2891 -26.2862 
34.1248 -80.5607 -24.873 
26.6342 -91.8225 -21.0861 
24.008 -90.5509 -22.4992 
16.6852 -101.56 -18.7972 
22.7752 -109.849 -12.7165 
25.4532 -108.025 -12.9136 
31.6835 -116.505 -6.69281 
29.0055 -118.328 -6.49573 
35.1 -126.622 -0.410581 
44.921 -126.138 2.12325 
44.6874 -129.046 3.58381 
54.729 -128.552 6.17457 
54.9626 -125.644 4.71401 
64.7798 -125.16 7.24686 

66.7232 -128.915 2.2917 
74.551 -117.355 -1.55606 
77.1692 -118.654 -0.130974 
84.8267 -107.345 -3.895 
82.2085 -106.047 -5.32008 
90.0352 -94.4883 -9.16726 
85.2152 -86.202 -14.8864 
82.3943 -87.8121 -14.8418 
77.6748 -79.6986 -20.4416 
80.4957 -78.0885 -20.4863 
75.6674 -69.7881 -26.2152 
63.6802 -69.9677 -29.5237 
63.331 -72.8648 -28.1016 
51.6116 -73.0404 -31.3361 
51.9607 -70.1432 -32.7582 
39.9896 -70.3226 -36.0623 
32.3347 -81.8313 -32.1923 
34.961 -83.1029 -30.7791 
27.4704 -94.3647 -26.9922 
24.8441 -93.0931 -28.4054 
17.1857 -104.607 -24.5337 
23.5564 -113.277 -18.1727 
26.2344 -111.454 -18.3698 
32.4648 -119.933 -12.149 
29.7868 -121.757 -11.9519 
36.153 -130.421 -5.59546 
46.4153 -129.915 -2.94776 
46.1818 -132.823 -1.4872 
56.2234 -132.329 1.10357 
56.457 -129.421 -0.356993 
66.7232 -128.915 2.2917 

114.82 -90.916 12.0967 
122 -79.5174 12.4216 
124.252 -80.9888 14.2656 
131.589 -69.3415 14.5977 
129.336 -67.8702 12.7537 
136.504 -56.4907 13.0781 
132.507 -48.4602 7.93536 
129.967 -50.286 7.05864 
125.869 -42.0528 1.78618 
128.409 -40.227 2.6629 
124.13 -31.6304 -2.84229 
114.119 -31.7346 -8.74493 
113.674 -34.8458 -7.93516 
103.435 -34.9523 -13.9721 
103.88 -31.8412 -14.7819 
93.8675 -31.9454 -20.6854 
87.112 -43.8016 -20.6008 
89.4404 -45.1152 -18.7662 
82.5371 -57.231 -18.6796 
80.2087 -55.9174 -20.5143 
73.4635 -67.7555 -20.4297 
78.0743 -75.682 -14.9588 
75.6145 -77.6509 -15.7385 
80.334 -85.7644 -10.1386 
82.7938 -83.7955 -9.35897 
87.4128 -91.7362 -3.87835 
96.4832 -91.4648 1.40855 
96.0862 -94.5846 2.24983 
105.359 -94.3071 7.65471 
105.756 -91.1872 6.81343 
114.82 -90.916 12.0967 

118.265 -93.6435 7.287 
125.758 -81.7476 7.62613 
128.01 -83.219 9.47013 
135.347 -71.5718 9.80217 
133.094 -70.1004 7.95817 
140.599 -58.1854 8.29785 
136.4 -49.7497 2.89564 
133.86 -51.5755 2.01892 
129.762 -43.3423 -3.25354 
132.302 -41.5165 -2.37682 
127.854 -32.5793 -8.10012 
117.387 -32.6883 -14.2714 
116.942 -35.7994 -13.4616 
106.703 -35.906 -19.4985 
107.149 -32.7948 -20.3083 
96.6835 -32.9037 -26.4786 
89.6323 -45.279 -26.3902 
91.9607 -46.5926 -24.5556 
85.0574 -58.7083 -24.4691 
82.729 -57.3947 -26.3037 
75.6674 -69.7881 -26.2152 
80.4957 -78.0885 -20.4863 
78.0359 -80.0575 -21.2659 
82.7554 -88.1709 -15.666 
85.2152 -86.202 -14.8864 
90.0352 -94.4883 -9.16726 
99.5105 -94.2047 -3.6444 
99.1135 -97.3246 -2.80312 
108.386 -97.0471 2.60176 
108.783 -93.9272 1.76048 
118.265 -93.6435 7.287 

124.392 -32.1562 -2.50555 
128.409 -40.227 2.6629 
126.372 -42.2195 1.13459 
130.47 -50.4527 6.40705 
132.507 -48.4602 7.93536 
136.504 -56.4907 13.0781 
140.427 -56.3964 16.6939 
140.181 -59.6271 17.0456 
144.199 -59.5305 20.749 
144.446 -56.2999 20.3972 
148.392 -56.205 24.0345 
153.624 -1.44326e-12 18.7888 
149.46 -9.65376e-13 14.9332 
149.171 -3.22863 15.2453 
144.915 -3.22863 11.3047 
145.204 -4.77026e-13 10.9926 
141.045 6.16604e-16 7.14174 
135.635 -10.4468 4.00756 
137.551 -12.0591 6.07138 
132.021 -22.7366 2.868 
130.105 -21.1243 0.804182 
124.392 -32.1562 -2.50555 

128.124 -33.1209 -7.75328 
132.302 -41.5165 -2.37682 
130.266 -43.509 -3.90513 
134.363 -51.7422 1.36733 
136.4 -49.7497 2.89564 
140.599 -58.1854 8.29785 
144.712 -58.0866 12.0887 
144.466 -61.3172 12.4404 
148.484 -61.2207 16.1437 
148.73 -57.99 15.792 
152.844 -57.8912 19.583 
158.232 -1.48654e-12 14.1799 
153.885 -9.8758e-13 10.1543 
153.596 -3.22863 10.4663 
149.34 -3.22863 6.52574 
149.629 -4.9923e-13 6.21368 
145.277 -2.1817e-16 2.18342 
139.604 -10.9539 -1.10288 
141.52 -12.5662 0.960935 
135.99 -23.2437 -2.24245 
134.074 -21.6313 -4.30626 
128.124 -33.1209 -7.75328 

15.4568 -153.257 19.1301 
21.9466 -144.457 12.6742 
24.7453 -145.799 13.6586 
31.3912 -136.788 7.04736 
28.5925 -135.446 6.06294 
35.1 -126.622 -0.410581 
29.0055 -118.328 -6.49573 
31.7953 -116.995 -7.47339 
25.5649 -108.516 -13.6942 
22.7752 -109.849 -12.7165 
16.6852 -101.56 -18.7972 
5.64515 -101.56 -18.7972 
5.64515 -104.179 -16.8761 
-5.64515 -104.179 -16.8761 
-5.64515 -101.56 -18.7972 
-16.6852 -101.56 -18.7972 
-22.7752 -109.849 -12.7165 
-19.9827 -111.182 -11.7379 
-26.2131 -119.662 -5.51714 
-29.0055 -118.328 -6.49573 
-35.1 -126.622 -0.410581 
-28.5925 -135.446 6.06294 
-25.8031 -134.108 5.08178 
-19.1572 -143.12 11.693 
-21.9466 -144.457 12.6742 
-15.4568 -153.257 19.1301 
15.4568 -153.257 19.1301 

15.9205 -157.855 14.5314 
22.7226 -148.631 7.76479 
25.5213 -149.973 8.74921 
32.1673 -140.962 2.13795 
29.3686 -139.62 1.15353 
36.153 -130.421 -5.59546 
29.7868 -121.757 -11.9519 
32.5766 -120.424 -12.9296 
26.3462 -111.945 -19.1504 
23.5564 -113.277 -18.1727 
17.1857 -104.607 -24.5337 
5.64515 -104.607 -24.5337 
5.64515 -107.226 -22.6125 
-5.64515 -107.226 -22.6125 
-5.64515 -104.607 -24.5337 
-17.1857 -104.607 -24.5337 
-23.5564 -113.277 -18.1727 
-20.764 -114.611 -17.1941 
-26.9944 -123.09 -10.9733 
-29.7868 -121.757 -11.9519 
-36.153 -130.421 -5.59546 
-29.3686 -139.62 1.15353 
-26.5792 -138.283 0.172371 
-19.9332 -147.294 6.78363 
-22.7227 -148.631 7.76479 
-15.9205 -157.855 14.5314 
15.9205 -157.855 14.5314 

16.6852 -101.56 -18.7972 
24.008 -90.5509 -22.4992 
26.7561 -92.1931 -21.947 
34.2467 -80.9313 -25.734 
31.4985 -79.2891 -26.2862 
38.8249 -68.2743 -29.99 
32.2283 -57.4965 -33.6142 
29.4229 -59.0391 -33.0955 
22.6784 -48.0195 -36.801 
25.4838 -46.4769 -37.3197 
18.8904 -35.7041 -40.9422 
6.39124 -35.7041 -40.9422 
6.39124 -38.7798 -39.9079 
-6.39124 -38.7798 -39.9079 
-6.39124 -35.7041 -40.9422 
-18.8904 -35.7041 -40.9422 
-25.4838 -46.4769 -37.3197 
-22.6784 -48.0195 -36.801 
-29.4229 -59.0391 -33.0955 
-32.2283 -57.4965 -33.6142 
-38.8249 -68.2743 -29.99 
-31.4985 -79.2891 -26.2862 
-28.756 -77.6502 -26.8372 
-21.2654 -88.912 -23.0503 
-24.008 -90.5509 -22.4992 
-16.6852 -101.56 -18.7972 
-5.64515 -101.56 -18.7972 
-5.64515 -104.648 -17.759 
5.64515 -104.648 -17.759 
5.64515 -101.56 -18.7972 
16.6852 -101.56 -18.7972 

17.1857 -104.607 -24.5337 
24.8441 -93.0931 -28.4054 
27.5923 -94.7353 -27.8532 
35.0829 -83.4735 -31.6401 
32.3347 -81.8313 -32.1923 
39.9896 -70.3226 -36.0623 
33.0971 -59.0612 -39.8491 
30.2917 -60.6039 -39.3303 
23.5472 -49.5843 -43.0358 
26.3526 -48.0417 -43.5545 
19.4571 -36.7752 -47.343 
6.39124 -36.7752 -47.343 
6.39124 -39.8509 -46.3088 
-6.39124 -39.8509 -46.3088 
-6.39124 -36.7752 -47.343 
-19.4571 -36.7752 -47.343 
-26.3526 -48.0417 -43.5545 
-23.5472 -49.5843 -43.0358 
-30.2917 -60.6039 -39.3303 
-33.0972 -59.0612 -39.8491 
-39.9896 -70.3226 -36.0623 
-32.3347 -81.8313 -32.1923 
-29.5922 -80.1924 -32.7434 
-22.1016 -91.4542 -28.9565 
-24.8441 -93.0931 -28.4054 
-17.1857 -104.607 -24.5337 
-5.64515 -104.607 -24.5337 
-5.64515 -107.695 -23.4954 
5.64515 -107.695 -23.4954 
5.64515 -104.607 -24.5337 
17.1857 -104.607 -24.5337 

73.4635 -67.7555 -20.4297 
80.2087 -55.9174 -20.5143 
82.8994 -57.4433 -19.5119 
89.8027 -45.3276 -19.5984 
87.112 -43.8016 -20.6008 
93.8675 -31.9454 -20.6854 
88.2302 -21.3681 -24.0092 
85.4686 -22.9968 -24.5082 
79.7082 -12.1886 -27.9046 
82.4699 -10.56 -27.4056 
76.8419 -2.17248e-12 -30.7239 
64.7098 -1.45269e-12 -34.1025 
64.5725 -3.20404 -33.6095 
52.1582 -3.20404 -37.0666 
52.2955 -7.18018e-13 -37.5597 
40.1495 -4.90985e-16 -40.9422 
33.1144 -11.8152 -40.9422 
35.7643 -13.393 -39.9426 
28.5716 -25.4729 -39.9426 
25.9218 -23.8951 -40.9422 
18.8904 -35.7041 -40.9422 
25.4838 -46.4769 -37.3197 
22.8131 -48.2621 -37.7674 
29.5576 -59.2816 -34.062 
32.2283 -57.4965 -33.6142 
38.8249 -68.2743 -29.99 
50.2926 -68.1025 -26.8249 
50.2007 -71.3145 -26.3179 
61.9202 -71.1389 -23.0833 
62.012 -67.927 -23.5904 
73.4635 -67.7555 -20.4297 

75.6674 -69.7881 -26.2152 
82.729 -57.3947 -26.3037 
85.4197 -58.9207 -25.3013 
92.323 -46.805 -25.3878 
89.6323 -45.279 -26.3902 
96.6835 -32.9037 -26.4786 
90.8001 -21.8646 -29.9475 
88.0384 -23.4932 -30.4465 
82.2781 -12.6851 -33.8429 
85.0397 -11.0564 -33.3438 
79.1471 -2.23821e-12 -36.8182 
66.4507 -1.48466e-12 -40.354 
66.3134 -3.20404 -39.8609 
53.8991 -3.20404 -43.3181 
54.0364 -7.49993e-13 -43.8111 
41.354 1.04469e-15 -47.343 
34.0037 -12.3446 -47.343 
36.6535 -13.9224 -46.3434 
29.4609 -26.0023 -46.3434 
26.811 -24.4245 -47.343 
19.4571 -36.7752 -47.343 
26.3526 -48.0417 -43.5545 
23.6819 -49.8268 -44.0023 
30.4264 -60.8464 -40.2968 
33.0971 -59.0612 -39.8491 
39.9896 -70.3226 -36.0623 
51.9607 -70.1432 -32.7582 
51.8689 -73.3551 -32.2512 
63.5883 -73.1796 -29.0167 
63.6802 -69.9677 -29.5237 
75.6674 -69.7881 -26.2152 

124.77 -31.6238 -2.46527 
130.171 -21.1327 0.719451 
132.585 -22.8086 2.14264 
138.084 -12.1272 5.38512 
135.67 -10.4513 3.96193 
141.034 -0.0339909 7.12426 
135.667 10.4418 3.95994 
133.264 8.78137 2.54302 
127.785 19.4766 -0.687602 
130.188 21.1371 0.729319 
124.816 31.6233 -2.43815 
114.119 31.7346 -8.74493 
114.094 28.4892 -8.7597 
103.855 28.5958 -14.7966 
103.88 31.8412 -14.7819 
93.8675 31.9454 -20.6854 
88.2302 21.3681 -24.0092 
90.6072 19.6609 -22.6078 
84.8468 8.85277 -26.0041 
82.4699 10.56 -27.4056 
76.8419 2.04103e-12 -30.7239 
82.4699 -10.56 -27.4056 
80.0976 -12.2639 -28.8043 
85.8579 -23.072 -25.408 
88.2302 -21.3681 -24.0092 
93.8675 -31.9454 -20.6854 
103.88 -31.8412 -14.7819 
103.905 -35.0895 -14.7671 
114.144 -34.983 -8.73014 
114.119 -31.7346 -8.74493 
124.77 -31.6238 -2.46527 

128.513 -32.5725 -7.71179 
134.141 -21.64 -4.39307 
136.555 -23.3159 -2.96988 
142.055 -12.6345 0.272603 
139.641 -10.9586 -1.15059 
145.265 -0.0350108 2.16542 
139.638 10.9489 -1.15238 
137.235 9.28847 -2.5693 
131.755 19.9838 -5.79992 
134.158 21.6442 -4.383 
128.56 32.572 -7.68386 
117.387 32.6883 -14.2714 
117.362 29.4429 -14.2861 
107.123 29.5494 -20.3231 
107.149 32.7948 -20.3083 
96.6835 32.9037 -26.4786 
90.8001 21.8646 -29.9475 
93.177 20.1574 -28.546 
87.4167 9.34919 -31.9424 
85.0397 11.0564 -33.3438 
79.1471 2.10498e-12 -36.8182 
85.0397 -11.0564 -33.3438 
82.6674 -12.7603 -34.7426 
88.4277 -23.5685 -31.3462 
90.8001 -21.8646 -29.9475 
96.6835 -32.9037 -26.4786 
107.149 -32.7948 -20.3083 
107.174 -36.0432 -20.2935 
117.412 -35.9366 -14.2566 
117.387 -32.6883 -14.2714 
128.513 -32.5725 -7.71179 

124.411 32.1953 -2.48055 
130.119 21.1283 0.81774 
128.211 19.5311 -1.23611 
133.724 8.84018 1.95008 
135.633 10.4374 4.00393 
141.016 3.55271e-15 7.11459 
145.204 -4.77026e-13 10.9926 
145.493 -3.22863 10.6806 
149.749 -3.22863 14.6212 
149.46 -9.65376e-13 14.9332 
153.624 -4.77026e-13 18.7888 
148.392 56.205 24.0345 
144.446 56.2999 20.3972 
144.692 53.0715 20.0458 
140.674 53.1681 16.3425 
140.427 56.3964 16.6939 
136.504 56.4907 13.0781 
132.507 48.4602 7.93536 
134.553 46.4581 9.47099 
130.456 38.2249 4.19853 
128.409 40.227 2.6629 
124.411 32.1953 -2.48055 

128.144 33.1612 -7.72753 
134.088 21.6352 -4.29246 
132.18 20.038 -6.34631 
137.693 9.34708 -3.16012 
139.602 10.9443 -1.10626 
145.246 0 2.15546 
149.629 -4.9923e-13 6.21368 
149.918 -3.22863 5.90162 
154.174 -3.22863 9.84221 
153.885 -9.8758e-13 10.1543 
158.232 -4.9923e-13 14.1799 
152.844 57.8912 19.583 
148.73 57.99 15.792 
148.977 54.7617 15.4405 
144.959 54.8582 11.7372 
144.712 58.0866 12.0887 
140.599 58.1854 8.29785 
136.4 49.7497 2.89564 
138.447 47.7476 4.43127 
134.349 39.5144 -0.841187 
132.302 41.5165 -2.37682 
128.144 33.1612 -7.72753 

-15.4458 -153.272 19.141 
-21.9466 -144.457 12.6742 
-19.2549 -143.646 11.0746 
-25.9009 -134.634 4.46331 
-28.5925 -135.446 6.06294 
-35.1 -126.622 -0.410581 
-44.921 -126.138 2.12325 
-44.4822 -128.528 4.2801 
-54.5239 -128.033 6.87086 
-54.9626 -125.644 4.71401 
-64.7798 -125.16 7.24686 
-69.1631 -131.241 14.4145 
-66.3012 -132.692 14.933 
-70.7694 -138.891 22.2395 
-73.6313 -137.439 21.721 
-78.0203 -143.527 28.8982 
-15.4458 -153.272 19.141 

-15.9092 -157.87 14.5427 
-22.7227 -148.631 7.76479 
-20.031 -147.82 6.16516 
-26.677 -138.808 -0.446093 
-29.3686 -139.62 1.15353 
-36.153 -130.421 -5.59546 
-46.4153 -129.915 -2.94776 
-45.9766 -132.305 -0.790909 
-56.0182 -131.81 1.79986 
-56.457 -129.421 -0.356992 
-66.7232 -128.915 2.2917 
-71.2763 -135.231 9.73707 
-68.4144 -136.683 10.2555 
-72.8826 -142.881 17.562 
-75.7445 -141.429 17.0436 
-80.3609 -147.833 24.5925 
-15.9092 -157.87 14.5427 

-35.1 -126.622 -0.410581 
-29.0055 -118.328 -6.49573 
-26.325 -120.153 -6.29845 
-20.0946 -111.673 -12.5192 
-22.7752 -109.849 -12.7165 
-16.6852 -101.56 -18.7972 
-24.008 -90.5509 -22.4992 
-21.387 -89.2819 -23.9096 
-28.8776 -78.0201 -27.6965 
-31.4985 -79.2891 -26.2862 
-38.8249 -68.2743 -29.99 
-50.2926 -68.1025 -26.8249 
-49.9435 -70.9997 -25.4028 
-61.6629 -70.8242 -22.1682 
-62.012 -67.927 -23.5904 
-73.4635 -67.7555 -20.4297 
-78.0743 -75.682 -14.9588 
-75.2534 -77.2921 -14.9142 
-79.9729 -85.4056 -9.31433 
-82.7938 -83.7955 -9.35897 
-87.4128 -91.7362 -3.87835 
-79.9245 -102.795 -0.197471 
-77.3142 -101.5 -1.61821 
-69.6567 -112.809 2.14582 
-72.267 -114.103 3.56656 
-64.7798 -125.16 7.24686 
-54.9626 -125.644 4.71401 
-54.729 -128.552 6.17457 
-44.6874 -129.046 3.58381 
-44.921 -126.138 2.12325 
-35.1 -126.622 -0.410581 

-36.153 -130.421 -5.59546 
-29.7868 -121.757 -11.9519 
-27.1063 -123.581 -11.7546 
-20.8759 -115.102 -17.9754 
-23.5564 -113.277 -18.1727 
-17.1857 -104.607 -24.5337 
-24.8441 -93.0931 -28.4054 
-22.2232 -91.8241 -29.8157 
-29.7138 -80.5623 -33.6026 
-32.3347 -81.8313 -32.1923 
-39.9896 -70.3226 -36.0623 
-51.9607 -70.1432 -32.7582 
-51.6116 -73.0404 -31.3361 
-63.331 -72.8648 -28.1016 
-63.6802 -69.9677 -29.5237 
-75.6674 -69.7881 -26.2152 
-80.4957 -78.0885 -20.4863 
-77.6748 -79.6986 -20.4416 
-82.3943 -87.8121 -14.8418 
-85.2152 -86.202 -14.8864 
-90.0352 -94.4883 -9.16726 
-82.2085 -106.047 -5.32008 
-79.5983 -104.752 -6.74082 
-71.9408 -116.06 -2.97679 
-74.551 -117.355 -1.55606 
-66.7232 -128.915 2.2917 
-56.457 -129.421 -0.356992 
-56.2234 -132.329 1.10357 
-46.1818 -132.823 -1.4872 
-46.4153 -129.915 -2.94776 
-36.153 -130.421 -5.59546 

-38.8249 -68.2743 -29.99 
-32.2283 -57.4965 -33.6142 
-29.5576 -59.2816 -34.062 
-22.8131 -48.2621 -37.7674 
-25.4838 -46.4769 -37.3197 
-18.8904 -35.7041 -40.9422 
-25.9218 -23.8951 -40.9422 
-28.5716 -25.4729 -39.9426 
-35.7643 -13.393 -39.9426 
-33.1144 -11.8152 -40.9422 
-40.1495 3.64864e-12 -40.9422 
-52.2955 2.44197e-12 -37.5597 
-52.1582 -3.20404 -37.0666 
-64.5725 -3.20404 -33.6095 
-64.7098 1.20711e-12 -34.1025 
-76.8419 1.09112e-15 -30.7239 
-82.4699 -10.56 -27.4056 
-79.7082 -12.1886 -27.9046 
-85.4686 -22.9968 -24.5082 
-88.2302 -21.3681 -24.0092 
-93.8675 -31.9454 -20.6854 
-87.112 -43.8016 -20.6008 
-84.429 -42.28 -21.6003 
-77.5256 -54.3957 -21.5137 
-80.2087 -55.9174 -20.5143 
-73.4635 -67.7555 -20.4297 
-62.012 -67.927 -23.5904 
-61.9202 -71.1389 -23.0833 
-50.2007 -71.3145 -26.3179 
-50.2926 -68.1025 -26.8249 
-38.8249 -68.2743 -29.99 

-39.9896 -70.3226 -36.0623 
-33.0972 -59.0612 -39.8491 
-30.4264 -60.8464 -40.2968 
-23.6819 -49.8268 -44.0023 
-26.3526 -48.0417 -43.5545 
-19.4571 -36.7752 -47.343 
-26.811 -24.4245 -47.343 
-29.4609 -26.0023 -46.3434 
-36.6535 -13.9224 -46.3434 
-34.0037 -12.3446 -47.343 
-41.354 3.76055e-12 -47.343 
-54.0364 2.49837e-12 -43.8111 
-53.8991 -3.20404 -43.3181 
-66.3134 -3.20404 -39.8609 
-66.4507 1.26351e-12 -40.354 
-79.1471 3.57511e-15 -36.8182 
-85.0397 -11.0564 -33.3438 
-82.2781 -12.6851 -33.8429 
-88.0384 -23.4932 -30.4465 
-90.8001 -21.8646 -29.9475 
-96.6835 -32.9037 -26.4786 
-89.6323 -45.279 -26.3902 
-86.9493 -43.7574 -27.3897 
-80.0459 -55.8731 -27.3032 
-82.729 -57.3947 -26.3037 
-75.6674 -69.7881 -26.2152 
-63.6802 -69.9677 -29.5237 
-63.5883 -73.1796 -29.0167 
-51.8689 -73.3551 -32.2512 
-51.9607 -70.1432 -32.7582 
-39.9896 -70.3226 -36.0623 

18.8904 -35.7041 -40.9422 
25.9218 -23.8951 -40.9422 
28.7105 -25.5555 -40.9422 
35.9032 -13.4756 -40.9422 
33.1144 -11.8152 -40.9422 
40.1495 7.10543e-15 -40.9422 
33.1144 11.8152 -40.9422 
30.3289 10.1566 -40.9422 
23.1362 22.2364 -40.9422 
25.9218 23.8951 -40.9422 
18.8904 35.7041 -40.9422 
6.39124 35.7041 -40.9422 
6.39124 32.4592 -40.9422 
-6.39124 32.4592 -40.9422 
-6.39124 35.7041 -40.9422 
-18.8904 35.7041 -40.9422 
-25.9218 23.8951 -40.9422 
-23.1362 22.2364 -40.9422 
-30.3289 10.1566 -40.9422 
-33.1144 11.8152 -40.9422 
-40.1495 1.82787e-12 -40.9422 
-33.1144 -11.8152 -40.9422 
-35.9032 -13.4756 -40.9422 
-28.7105 -25.5555 -40.9422 
-25.9218 -23.8951 -40.9422 
-18.8904 -35.7041 -40.9422 
-6.39124 -35.7041 -40.9422 
-6.39124 -38.9529 -40.9422 
6.39124 -38.9529 -40.9422 
6.39124 -35.7041 -40.9422 
18.8904 -35.7041 -40.9422 

19.4571 -36.7752 -47.343 
26.811 -24.4245 -47.343 
29.5997 -26.085 -47.343 
36.7924 -14.0051 -47.343 
34.0037 -12.3446 -47.343 
41.354 0 -47.343 
34.0037 12.3446 -47.343 
31.2181 10.686 -47.343 
24.0254 22.7659 -47.343 
26.811 24.4245 -47.343 
19.4571 36.7752 -47.343 
6.39124 36.7752 -47.343 
6.39124 33.5303 -47.343 
-6.39124 33.5303 -47.343 
-6.39124 36.7752 -47.343 
-19.4571 36.7752 -47.343 
-26.811 24.4245 -47.343 
-24.0254 22.7659 -47.343 
-31.2181 10.686 -47.343 
-34.0037 12.3446 -47.343 
-41.354 1.88116e-12 -47.343 
-34.0037 -12.3446 -47.343 
-36.7924 -14.0051 -47.343 
-29.5997 -26.085 -47.343 
-26.811 -24.4245 -47.343 
-19.4571 -36.7752 -47.343 
-6.39124 -36.7752 -47.343 
-6.39124 -40.024 -47.343 
6.39124 -40.024 -47.343 
6.39124 -36.7752 -47.343 
19.4571 -36.7752 -47.343 

76.8419 -2.17248e-12 -30.7239 
82.4699 10.56 -27.4056 
85.2369 8.92813 -26.9056 
90.9973 19.7363 -23.5092 
88.2302 21.3681 -24.0092 
93.8675 31.9454 -20.6854 
87.112 43.8016 -20.6008 
84.429 42.28 -21.6003 
77.5256 54.3957 -21.5137 
80.2087 55.9174 -20.5143 
73.4635 67.7555 -20.4297 
62.012 67.927 -23.5904 
62.1036 64.7218 -24.0963 
50.3842 64.8973 -27.3309 
50.2926 68.1025 -26.8249 
38.8249 68.2743 -29.99 
32.2283 57.4965 -33.6142 
34.8989 55.7114 -33.1665 
28.1544 44.6918 -36.872 
25.4838 46.4769 -37.3197 
18.8904 35.7041 -40.9422 
25.9218 23.8951 -40.9422 
23.2749 22.319 -41.9406 
30.4676 10.2391 -41.9406 
33.1144 11.8152 -40.9422 
40.1495 3.55271e-15 -40.9422 
52.2955 -7.18018e-13 -37.5597 
52.4328 -3.20404 -38.0527 
64.8471 -3.20404 -34.5956 
64.7098 -1.45269e-12 -34.1025 
76.8419 -2.17248e-12 -30.7239 

79.1471 -2.23643e-12 -36.8182 
85.0397 11.0564 -33.3438 
87.8068 9.42455 -32.8439 
93.5671 20.2327 -29.4475 
90.8001 21.8646 -29.9475 
96.6835 32.9037 -26.4786 
89.6323 45.279 -26.3902 
86.9493 43.7574 -27.3897 
80.0459 55.8731 -27.3032 
82.729 57.3947 -26.3037 
75.6674 69.7881 -26.2152 
63.6802 69.9677 -29.5237 
63.7718 66.7625 -30.0296 
52.0524 66.938 -33.2642 
51.9607 70.1432 -32.7582 
39.9896 70.3226 -36.0623 
33.0971 59.0612 -39.8491 
35.7678 57.2761 -39.4013 
29.0232 46.2566 -43.1068 
26.3526 48.0417 -43.5545 
19.4571 36.7752 -47.343 
26.811 24.4245 -47.343 
24.1641 22.8485 -48.3415 
31.3568 10.7686 -48.3415 
34.0037 12.3446 -47.343 
41.354 -1.06581e-14 -47.343 
54.0364 -7.49993e-13 -43.8111 
54.1738 -3.20404 -44.3042 
66.588 -3.20404 -40.847 
66.4507 -1.48466e-12 -40.354 
79.1471 -2.23643e-12 -36.8182 

124.13 31.6304 -2.84229 
128.409 40.227 2.6629 
130.961 38.3924 3.54382 
135.059 46.6256 8.81628 
132.507 48.4602 7.93536 
136.504 56.4907 13.0781 
129.336 67.8702 12.7537 
127.096 66.4069 10.9197 
119.76 78.0541 10.5877 
122 79.5174 12.4216 
114.82 90.916 12.0967 
105.756 91.1872 6.81343 
106.152 88.0745 5.97405 
96.8793 88.352 0.569173 
96.4832 91.4648 1.40855 
87.4128 91.7362 -3.87835 
82.7938 83.7955 -9.35897 
85.2556 81.825 -8.57874 
80.536 73.7115 -14.1786 
78.0743 75.682 -14.9588 
73.4635 67.7555 -20.4297 
80.2087 55.9174 -20.5143 
77.8869 54.6075 -22.3436 
84.7902 42.4918 -22.4301 
87.112 43.8016 -20.6008 
93.8675 31.9454 -20.6854 
103.88 31.8412 -14.7819 
104.325 28.7328 -15.5909 
114.564 28.6263 -9.55395 
114.119 31.7346 -8.74493 
124.13 31.6304 -2.84229 

127.854 32.5793 -8.10012 
132.302 41.5165 -2.37682 
134.855 39.682 -1.4959 
138.953 47.9151 3.77656 
136.4 49.7497 2.89564 
140.599 58.1854 8.29785 
133.094 70.1004 7.95817 
130.854 68.6371 6.12425 
123.518 80.2843 5.79221 
125.758 81.7476 7.62613 
118.265 93.6435 7.287 
108.783 93.9272 1.76048 
109.179 90.8144 0.921106 
99.9065 91.0919 -4.48377 
99.5105 94.2047 -3.6444 
90.0352 94.4883 -9.16726 
85.2152 86.202 -14.8864 
87.6769 84.2315 -14.1062 
82.9574 76.1181 -19.706 
80.4957 78.0885 -20.4863 
75.6674 69.7881 -26.2152 
82.729 57.3947 -26.3037 
80.4072 56.0849 -28.133 
87.3105 43.9691 -28.2196 
89.6323 45.279 -26.3902 
96.6835 32.9037 -26.4786 
107.149 32.7948 -20.3083 
107.593 29.6865 -21.1173 
117.832 29.5799 -15.0804 
117.387 32.6883 -14.2714 
127.854 32.5793 -8.10012 

114.82 90.916 12.0967 
122 79.5174 12.4216 
120.185 78.3063 10.0454 
127.521 66.6591 10.3774 
129.336 67.8702 12.7537 
136.504 56.4907 13.0781 
140.427 56.3964 16.6939 
141.224 53.3851 15.751 
145.242 53.2886 19.4544 
144.446 56.2999 20.3972 
148.381 56.2053 24.0239 
133.68 107.017 38.7567 
130.048 106.406 35.0186 
131.183 103.418 34.4046 
127.469 102.793 30.5818 
126.335 105.782 31.1958 
122.685 105.168 27.4386 
120.08 100.448 22.358 
122.326 98.265 23.2346 
119.665 93.4432 18.0439 
117.419 95.6263 17.1673 
114.82 90.916 12.0967 

118.265 93.6435 7.287 
125.758 81.7476 7.62613 
123.943 80.5365 5.24991 
131.279 68.8893 5.58195 
133.094 70.1004 7.95817 
140.599 58.1855 8.29785 
144.712 58.0866 12.0887 
145.509 55.0753 11.1458 
149.527 54.9787 14.8491 
148.73 57.99 15.792 
152.832 57.8915 19.572 
137.69 110.228 34.7469 
133.856 109.583 30.8003 
134.991 106.594 30.1863 
131.277 105.97 26.3635 
130.143 108.958 26.9775 
126.365 108.323 23.0892 
123.648 103.399 17.7884 
125.894 101.215 18.665 
123.233 96.3937 13.4743 
120.987 98.5768 12.5977 
118.265 93.6435 7.287 

-77.9863 -143.48 28.8425 
-73.6313 -137.439 21.721 
-71.0471 -139.415 21.6249 
-66.5789 -133.217 14.3184 
-69.1631 -131.241 14.4145 
-64.7798 -125.16 7.24686 
-72.267 -114.103 3.56656 
-69.9435 -113.217 1.50252 
-77.6011 -101.909 -2.26151 
-79.9245 -102.795 -0.197472 
-87.4128 -91.7362 -3.87835 
-96.4832 -91.4648 1.40855 
-95.667 -94.2051 2.94964 
-104.94 -93.9276 8.35452 
-105.756 -91.1872 6.81343 
-114.82 -90.916 12.0967 
-117.419 -95.6263 17.1673 
-114.727 -97.4269 16.875 
-117.387 -102.249 22.0657 
-120.08 -100.448 22.358 
-122.685 -105.168 27.4386 
-117.649 -114.465 31.2958 
-115.116 -113.903 29.3455 
-109.962 -123.42 33.2937 
-112.494 -123.982 35.244 
-107.39 -133.407 39.1537 
-77.9863 -143.48 28.8425 

-80.3259 -147.785 24.5352 
-75.7445 -141.429 17.0436 
-73.1603 -143.406 16.9474 
-68.6921 -137.207 9.64091 
-71.2763 -135.231 9.73707 
-66.7232 -128.915 2.2917 
-74.551 -117.355 -1.55606 
-72.2276 -116.469 -3.62009 
-79.8851 -105.16 -7.38412 
-82.2085 -106.047 -5.32008 
-90.0352 -94.4883 -9.16726 
-99.5105 -94.2047 -3.6444 
-98.6942 -96.9451 -2.10331 
-107.967 -96.6676 3.30157 
-108.783 -93.9272 1.76048 
-118.265 -93.6435 7.287 
-120.987 -98.5768 12.5977 
-118.294 -100.377 12.3054 
-120.955 -105.199 17.4961 
-123.648 -103.399 17.7884 
-126.365 -108.323 23.0892 
-121.092 -118.059 27.1284 
-118.559 -117.496 25.1781 
-113.405 -127.013 29.1263 
-115.937 -127.576 31.0766 
-110.612 -137.409 35.1558 
-80.3259 -147.785 24.5352 

-87.4128 -91.7362 -3.87835 
-82.7938 -83.7955 -9.35897 
-80.334 -85.7644 -10.1386 
-75.6145 -77.6509 -15.7385 
-78.0743 -75.682 -14.9588 
-73.4635 -67.7555 -20.4297 
-80.2087 -55.9174 -20.5143 
-77.8869 -54.6075 -22.3436 
-84.7902 -42.4918 -22.4301 
-87.112 -43.8016 -20.6008 
-93.8675 -31.9454 -20.6854 
-103.88 -31.8412 -14.7819 
-103.435 -34.9523 -13.9721 
-113.674 -34.8458 -7.93516 
-114.119 -31.7346 -8.74493 
-124.13 -31.6304 -2.84229 
-128.232 -39.8712 2.43504 
-125.692 -41.697 1.55832 
-129.878 -50.1081 6.94471 
-132.418 -48.2823 7.82143 
-136.504 -56.4907 13.0781 
-129.336 -67.8702 12.7537 
-127.096 -66.4069 10.9197 
-119.76 -78.0541 10.5877 
-122 -79.5174 12.4216 
-114.82 -90.916 12.0967 
-105.756 -91.1872 6.81343 
-105.359 -94.3071 7.65471 
-96.0862 -94.5846 2.24983 
-96.4832 -91.4648 1.40855 
-87.4128 -91.7362 -3.87835 

-90.0352 -94.4883 -9.16726 
-85.2152 -86.202 -14.8864 
-82.7554 -88.1709 -15.666 
-78.0359 -80.0575 -21.2659 
-80.4957 -78.0885 -20.4863 
-75.6674 -69.7881 -26.2152 
-82.729 -57.3947 -26.3037 
-80.4072 -56.0849 -28.133 
-87.3105 -43.9691 -28.2196 
-89.6323 -45.279 -26.3902 
-96.6835 -32.9037 -26.4786 
-107.149 -32.7948 -20.3083 
-106.703 -35.906 -19.4985 
-116.942 -35.7994 -13.4616 
-117.387 -32.6883 -14.2714 
-127.854 -32.5793 -8.10012 
-132.125 -41.1607 -2.60468 
-129.585 -42.9865 -3.4814 
-133.772 -51.3976 1.90499 
-136.312 -49.5718 2.78171 
-140.599 -58.1854 8.29785 
-133.094 -70.1004 7.95817 
-130.854 -68.6371 6.12425 
-123.518 -80.2843 5.79221 
-125.758 -81.7476 7.62613 
-118.265 -93.6435 7.287 
-108.783 -93.9272 1.76048 
-108.386 -97.0471 2.60176 
-99.1135 -97.3246 -2.80312 
-99.5105 -94.2047 -3.6444 
-90.0352 -94.4883 -9.16726 

-93.8675 -31.9454 -20.6854 
-88.2302 -21.3681 -24.0092 
-85.8579 -23.072 -25.408 
-80.0976 -12.2639 -28.8043 
-82.4699 -10.56 -27.4056 
-76.8419 -2.89901e-12 -30.7239 
-82.4699 10.56 -27.4056 
-84.8468 8.85277 -26.0041 
-90.6072 19.6609 -22.6078 
-88.2302 21.3681 -24.0092 
-93.8675 31.9454 -20.6854 
-103.88 31.8412 -14.7819 
-103.855 28.5958 -14.7966 
-114.094 28.4892 -8.7597 
-114.119 31.7346 -8.74493 
-124.13 31.6304 -2.84229 
-129.723 21.1513 0.455589 
-127.347 19.4418 -0.945703 
-133.059 8.74014 2.42221 
-135.436 10.4497 3.8235 
-141.013 -8.03446e-12 7.11212 
-135.436 -10.4497 3.8235 
-133.059 -8.74014 2.42221 
-127.347 -19.4418 -0.945702 
-129.723 -21.1513 0.455589 
-124.13 -31.6304 -2.84229 
-114.119 -31.7346 -8.74493 
-114.144 -34.983 -8.73014 
-103.905 -35.0895 -14.7671 
-103.88 -31.8412 -14.7819 
-93.8675 -31.9454 -20.6854 

-96.6835 -32.9037 -26.4786 
-90.8001 -21.8646 -29.9475 
-88.4277 -23.5685 -31.3462 
-82.6674 -12.7603 -34.7426 
-85.0397 -11.0564 -33.3438 
-79.1471 -2.95941e-12 -36.8182 
-85.0397 11.0564 -33.3438 
-87.4167 9.34919 -31.9424 
-93.177 20.1574 -28.546 
-90.8001 21.8646 -29.9475 
-96.6835 32.9037 -26.4786 
-107.149 32.7948 -20.3083 
-107.123 29.5494 -20.3231 
-117.362 29.4429 -14.2861 
-117.387 32.6883 -14.2714 
-127.854 32.5793 -8.10012 
-133.685 21.6552 -4.66218 
-131.308 19.9456 -6.06347 
-137.02 9.24399 -2.69556 
-139.397 10.9536 -1.29427 
-145.244 7.0482e-07 2.15292 
-139.397 -10.9536 -1.29427 
-137.02 -9.24399 -2.69556 
-131.308 -19.9456 -6.06347 
-133.685 -21.6552 -4.66218 
-127.854 -32.5793 -8.10012 
-117.387 -32.6883 -14.2714 
-117.412 -35.9366 -14.2566 
-107.174 -36.0432 -20.2935 
-107.149 -32.7948 -20.3083 
-96.6835 -32.9037 -26.4786 

-40.1495 3.65219e-12 -40.9422 
-33.1144 11.8152 -40.9422 
-30.4676 10.2391 -41.9406 
-23.2749 22.319 -41.9406 
-25.9218 23.8951 -40.9422 
-18.8904 35.7041 -40.9422 
-25.4838 46.4769 -37.3197 
-28.1544 44.6918 -36.872 
-34.8989 55.7114 -33.1665 
-32.2283 57.4965 -33.6142 
-38.8249 68.2743 -29.99 
-50.2926 68.1025 -26.8249 
-50.3842 64.8973 -27.3309 
-62.1036 64.7218 -24.0963 
-62.012 67.927 -23.5904 
-73.4635 67.7555 -20.4297 
-80.2087 55.9174 -20.5143 
-77.5256 54.3957 -21.5137 
-84.429 42.28 -21.6003 
-87.112 43.8016 -20.6008 
-93.8675 31.9454 -20.6854 
-88.2302 21.3681 -24.0092 
-90.9973 19.7363 -23.5092 
-85.2369 8.92812 -26.9056 
-82.4699 10.56 -27.4056 
-76.8419 -3.55271e-15 -30.7239 
-64.7098 1.20711e-12 -34.1025 
-64.8471 -3.20404 -34.5956 
-52.4328 -3.20404 -38.0527 
-52.2955 2.44197e-12 -37.5597 
-40.1495 3.65219e-12 -40.9422 

-41.354 3.7641e-12 -47.343 
-34.0037 12.3446 -47.343 
-31.3568 10.7686 -48.3415 
-24.1641 22.8485 -48.3415 
-26.811 24.4245 -47.343 
-19.4571 36.7752 -47.343 
-26.3526 48.0417 -43.5545 
-29.0232 46.2566 -43.1068 
-35.7678 57.2761 -39.4013 
-33.0972 59.0612 -39.8491 
-39.9896 70.3226 -36.0623 
-51.9607 70.1432 -32.7582 
-52.0524 66.938 -33.2642 
-63.7718 66.7625 -30.0296 
-63.6802 69.9677 -29.5237 
-75.6674 69.7881 -26.2152 
-82.729 57.3947 -26.3037 
-80.0459 55.8731 -27.3032 
-86.9493 43.7574 -27.3897 
-89.6323 45.279 -26.3902 
-96.6835 32.9037 -26.4786 
-90.8001 21.8646 -29.9475 
-93.5671 20.2327 -29.4475 
-87.8068 9.42455 -32.8439 
-85.0397 11.0564 -33.3438 
-79.1471 -3.55271e-15 -36.8182 
-66.4507 1.26351e-12 -40.354 
-66.588 -3.20404 -40.847 
-54.1738 -3.20404 -44.3042 
-54.0364 2.49837e-12 -43.8111 
-41.354 3.7641e-12 -47.343 

18.8904 35.7041 -40.9422 
25.4838 46.4769 -37.3197 
28.2891 44.9343 -37.8384 
35.0336 55.9539 -34.1329 
32.2283 57.4965 -33.6142 
38.8249 68.2743 -29.99 
31.4985 79.2891 -26.2862 
28.756 77.6502 -26.8372 
21.2654 88.912 -23.0503 
24.008 90.5509 -22.4992 
16.6852 101.56 -18.7972 
5.64515 101.56 -18.7972 
5.64515 98.482 -19.8323 
-5.64515 98.482 -19.8323 
-5.64515 101.56 -18.7972 
-16.6852 101.56 -18.7972 
-24.008 90.5509 -22.4992 
-21.2654 88.912 -23.0503 
-28.756 77.6502 -26.8372 
-31.4985 79.2891 -26.2862 
-38.8249 68.2743 -29.99 
-32.2283 57.4965 -33.6142 
-35.0336 55.9539 -34.1329 
-28.2891 44.9343 -37.8384 
-25.4838 46.4769 -37.3197 
-18.8904 35.7041 -40.9422 
-6.39124 35.7041 -40.9422 
-6.39124 32.6321 -41.9752 
6.39124 32.6321 -41.9752 
6.39124 35.7041 -40.9422 
18.8904 35.7041 -40.9422 

19.4571 36.7752 -47.343 
26.3526 48.0417 -43.5545 
29.1579 46.4991 -44.0732 
35.9024 57.5187 -40.3678 
33.0971 59.0612 -39.8491 
39.9896 70.3226 -36.0623 
32.3347 81.8313 -32.1923 
29.5922 80.1924 -32.7434 
22.1016 91.4542 -28.9565 
24.8441 93.0931 -28.4054 
17.1857 104.607 -24.5337 
5.64515 104.607 -24.5337 
5.64515 101.529 -25.5688 
-5.64515 101.529 -25.5688 
-5.64515 104.607 -24.5337 
-17.1857 104.607 -24.5337 
-24.8441 93.0931 -28.4054 
-22.1016 91.4542 -28.9565 
-29.5922 80.1924 -32.7434 
-32.3347 81.8313 -32.1923 
-39.9896 70.3226 -36.0623 
-33.0972 59.0612 -39.8491 
-35.9024 57.5187 -40.3678 
-29.1579 46.4991 -44.0732 
-26.3526 48.0417 -43.5545 
-19.4571 36.7752 -47.343 
-6.39124 36.7752 -47.343 
-6.39124 33.7032 -48.376 
6.39124 33.7032 -48.376 
6.39124 36.7752 -47.343 
19.4571 36.7752 -47.343 

73.4635 67.7555 -20.4297 
78.0743 75.682 -14.9588 
80.8974 74.0707 -15.0035 
85.6169 82.1842 -9.40365 
82.7938 83.7955 -9.35897 
87.4128 91.7362 -3.87835 
79.9245 102.795 -0.197471 
77.3142 101.5 -1.61821 
69.6567 112.809 2.14582 
72.267 114.103 3.56656 
64.7798 125.16 7.24686 
54.9626 125.644 4.71401 
55.1952 122.748 3.25967 
45.1536 123.243 0.668905 
44.921 126.138 2.12325 
35.1 126.622 -0.410581 
29.0055 118.328 -6.49573 
31.6835 116.505 -6.69281 
25.4532 108.025 -12.9136 
22.7752 109.849 -12.7165 
16.6852 101.56 -18.7972 
24.008 90.5509 -22.4992 
21.387 89.2819 -23.9096 
28.8776 78.0201 -27.6965 
31.4985 79.2891 -26.2862 
38.8249 68.2743 -29.99 
50.2926 68.1025 -26.8249 
50.6409 65.2114 -28.2441 
62.3604 65.0359 -25.0095 
62.012 67.927 -23.5904 
73.4635 67.7555 -20.4297 

75.6674 69.7881 -26.2152 
80.4957 78.0885 -20.4863 
83.3188 76.4772 -20.531 
88.0383 84.5907 -14.9311 
85.2152 86.202 -14.8864 
90.0352 94.4883 -9.16726 
82.2085 106.047 -5.32008 
79.5983 104.752 -6.74082 
71.9408 116.06 -2.97679 
74.551 117.355 -1.55606 
66.7232 128.915 2.2917 
56.457 129.421 -0.356993 
56.6896 126.525 -1.81134 
46.6479 127.02 -4.4021 
46.4153 129.915 -2.94776 
36.153 130.421 -5.59546 
29.7868 121.757 -11.9519 
32.4648 119.933 -12.149 
26.2344 111.454 -18.3698 
23.5564 113.277 -18.1727 
17.1857 104.607 -24.5337 
24.8441 93.0931 -28.4054 
22.2232 91.8241 -29.8157 
29.7138 80.5623 -33.6026 
32.3347 81.8313 -32.1923 
39.9896 70.3226 -36.0623 
51.9607 70.1432 -32.7582 
52.3091 67.2521 -34.1774 
64.0285 67.0765 -30.9428 
63.6802 69.9677 -29.5237 
75.6674 69.7881 -26.2152 

114.82 90.916 12.0967 
117.419 95.6263 17.1673 
120.121 93.8199 17.4605 
122.782 98.6417 22.6512 
120.08 100.448 22.358 
122.685 105.168 27.4386 
117.649 114.465 31.2958 
115.116 113.903 29.3455 
109.962 123.42 33.2937 
112.494 123.982 35.244 
107.39 133.407 39.1537 
77.9863 143.48 28.8425 
73.6313 137.439 21.721 
76.2123 135.465 21.8171 
71.7441 129.267 14.5106 
69.1631 131.241 14.4145 
64.7798 125.16 7.24686 
72.267 114.103 3.56656 
69.9435 113.217 1.50252 
77.6011 101.909 -2.26151 
79.9245 102.795 -0.197472 
87.4128 91.7362 -3.87835 
96.4832 91.4648 1.40855 
97.2976 88.7306 -0.129048 
106.57 88.4531 5.27583 
105.756 91.1872 6.81343 
114.82 90.916 12.0967 

118.265 93.6435 7.287 
120.987 98.5768 12.5977 
123.689 96.7704 12.8909 
126.349 101.592 18.0816 
123.648 103.399 17.7884 
126.365 108.323 23.0892 
121.092 118.059 27.1284 
118.559 117.496 25.1781 
113.405 127.013 29.1263 
115.937 127.576 31.0766 
110.612 137.409 35.1558 
80.3259 147.785 24.5352 
75.7445 141.429 17.0436 
78.3255 139.456 17.1396 
73.8573 133.257 9.83311 
71.2763 135.231 9.73707 
66.7232 128.915 2.2917 
74.551 117.355 -1.55606 
72.2276 116.469 -3.62009 
79.8851 105.16 -7.38412 
82.2085 106.047 -5.32008 
90.0352 94.4883 -9.16726 
99.5105 94.2047 -3.6444 
100.325 91.4705 -5.182 
109.598 91.193 0.222884 
108.783 93.9272 1.76048 
118.265 93.6435 7.287 

133.661 107.014 38.7374 
125.111 125.108 47.343 
107.449 133.297 39.1082 
112.494 123.982 35.244 
110.219 123.689 32.9817 
115.374 114.172 29.0335 
117.649 114.465 31.2958 
122.685 105.168 27.4386 
126.335 105.782 31.1958 
127.854 103.114 30.1553 
131.568 103.739 33.9781 
130.048 106.406 35.0186 
133.661 107.014 38.7374 

137.671 110.224 34.727 
128.864 128.861 43.5907 
110.673 137.296 35.1088 
115.937 127.576 31.0766 
113.662 127.282 28.8143 
118.817 117.765 24.8661 
121.092 118.059 27.1284 
126.365 108.323 23.0892 
130.143 108.958 26.9775 
131.662 106.291 25.937 
135.376 106.915 29.7598 
133.856 109.583 30.8003 
137.671 110.224 34.727 

-107.449 -133.297 39.1082 
-112.494 -123.982 35.244 
-110.219 -123.689 32.9817 
-115.374 -114.172 29.0335 
-117.649 -114.465 31.2958 
-122.685 -105.168 27.4386 
-126.335 -105.782 31.1958 
-124.808 -108.46 32.2407 
-128.522 -109.085 36.0635 
-130.048 -106.406 35.0186 
-133.661 -107.014 38.7374 
-125.111 -125.108 47.343 
-107.449 -133.297 39.1082 

-110.673 -137.296 35.1088 
-115.937 -127.576 31.0766 
-113.662 -127.282 28.8143 
-118.817 -117.765 24.8661 
-121.092 -118.059 27.1284 
-126.365 -108.323 23.0892 
-130.143 -108.958 26.9775 
-128.616 -111.637 28.0224 
-132.33 -112.261 31.8452 
-133.856 -109.583 30.8003 
-137.671 -110.224 34.727 
-128.864 -128.861 43.5907 
-110.673 -137.296 35.1088 

-114.82 -90.916 12.0967 
-122 -79.5174 12.4216 
-120.185 -78.3063 10.0454 
-127.521 -66.6591 10.3774 
-129.336 -67.8702 12.7537 
-136.504 -56.4907 13.0781 
-140.427 -56.3964 16.6939 
-139.63 -59.4099 17.6375 
-143.648 -59.3133 21.3408 
-144.446 -56.2999 20.3972 
-148.381 -56.2053 24.0239 
-133.68 -107.017 38.7567 
-130.048 -106.406 35.0186 
-128.909 -109.407 35.6351 
-125.195 -108.783 31.8123 
-126.335 -105.782 31.1958 
-122.685 -105.168 27.4386 
-120.08 -100.448 22.358 
-117.842 -102.624 21.4842 
-115.181 -97.8024 16.2935 
-117.419 -95.6263 17.1673 
-114.82 -90.916 12.0967 

-118.265 -93.6435 7.287 
-125.758 -81.7476 7.62613 
-123.943 -80.5365 5.24991 
-131.279 -68.8893 5.58195 
-133.094 -70.1004 7.95817 
-140.599 -58.1854 8.29785 
-144.712 -58.0866 12.0887 
-143.915 -61.1 13.0322 
-147.933 -61.0035 16.7355 
-148.73 -57.99 15.792 
-152.832 -57.8915 19.572 
-137.69 -110.228 34.7469 
-133.856 -109.583 30.8003 
-132.717 -112.584 31.4168 
-129.003 -111.959 27.594 
-130.143 -108.958 26.9775 
-126.365 -108.323 23.0892 
-123.648 -103.399 17.7884 
-121.409 -105.575 16.9146 
-118.748 -100.753 11.7239 
-120.987 -98.5768 12.5977 
-118.265 -93.6435 7.287 

-124.13 -31.6304 -2.84229 
-129.723 -21.1513 0.455589 
-127.841 -19.5046 -1.58352 
-133.553 -8.80293 1.78439 
-135.436 -10.4497 3.8235 
-141.013 3.55271e-15 7.11212 
-145.182 0 10.9726 
-144.894 -3.22863 11.2847 
-149.16 -3.22863 15.2353 
-149.449 0 14.9232 
-153.624 0 18.7888 
-148.392 -56.205 24.0345 
-144.446 -56.2999 20.3972 
-144.199 -59.5305 20.749 
-140.181 -59.6271 17.0456 
-140.427 -56.3964 16.6939 
-136.504 -56.4907 13.0781 
-132.418 -48.2823 7.82143 
-130.381 -50.2748 6.29312 
-126.195 -41.8637 0.906728 
-128.232 -39.8712 2.43504 
-124.13 -31.6304 -2.84229 

-127.854 -32.5793 -8.10012 
-133.685 -21.6552 -4.66218 
-131.802 -20.0084 -6.70129 
-137.514 -9.30679 -3.33338 
-139.397 -10.9536 -1.29427 
-145.244 -3.55271e-15 2.15292 
-149.608 0 6.19364 
-149.319 -3.22863 6.5057 
-153.585 -3.22863 10.4563 
-153.874 0 10.1442 
-158.232 0 14.1799 
-152.844 -57.8912 19.583 
-148.73 -57.99 15.792 
-148.484 -61.2207 16.1437 
-144.466 -61.3172 12.4404 
-144.712 -58.0866 12.0887 
-140.599 -58.1854 8.29785 
-136.312 -49.5718 2.78171 
-134.275 -51.5643 1.2534 
-130.088 -43.1532 -4.13299 
-132.125 -41.1607 -2.60468 
-127.854 -32.5793 -8.10012 

-124.13 31.6304 -2.84229 
-128.232 39.8712 2.43504 
-130.278 37.8691 3.97067 
-134.465 46.2802 9.35706 
-132.418 48.2823 7.82143 
-136.504 56.4907 13.0781 
-140.427 56.3964 16.6939 
-140.674 53.1681 16.3425 
-144.692 53.0715 20.0458 
-144.446 56.2999 20.3972 
-148.392 56.205 24.0345 
-153.624 4.85586e-13 18.7888 
-149.449 0 14.9232 
-149.738 -3.22863 14.6112 
-145.471 -3.22863 10.6606 
-145.182 0 10.9726 
-141.013 -1.50298e-15 7.11212 
-135.436 10.4497 3.8235 
-133.553 8.80293 1.78439 
-127.841 19.5046 -1.58352 
-129.723 21.1513 0.455589 
-124.13 31.6304 -2.84229 

-127.854 32.5793 -8.10012 
-132.125 41.1607 -2.60468 
-134.172 39.1586 -1.06905 
-138.358 47.5697 4.31734 
-136.312 49.5718 2.78171 
-140.599 58.1854 8.29785 
-144.712 58.0866 12.0887 
-144.959 54.8582 11.7372 
-148.977 54.7617 15.4405 
-148.73 57.99 15.792 
-152.844 57.8912 19.583 
-158.232 5.06949e-13 14.1799 
-153.874 0 10.1442 
-154.163 -3.22863 9.83219 
-149.896 -3.22863 5.88159 
-149.608 0 6.19364 
-145.244 3.56246e-15 2.15292 
-139.397 10.9536 -1.29427 
-137.514 9.30679 -3.33338 
-131.802 20.0084 -6.70129 
-133.685 21.6552 -4.66218 
-127.854 32.5793 -8.10012 

-93.8675 31.9454 -20.6854 
-87.112 43.8016 -20.6008 
-84.7902 42.4918 -22.4301 
-77.8869 54.6075 -22.3436 
-80.2087 55.9174 -20.5143 
-73.4635 67.7555 -20.4297 
-78.0743 75.682 -14.9588 
-80.536 73.7115 -14.1786 
-85.2556 81.825 -8.57874 
-82.7938 83.7955 -9.35897 
-87.4128 91.7362 -3.87835 
-96.4832 91.4648 1.40855 
-96.8793 88.352 0.569173 
-106.152 88.0745 5.97405 
-105.756 91.1872 6.81343 
-114.82 90.916 12.0967 
-122 79.5174 12.4216 
-119.76 78.0541 10.5877 
-127.096 66.4069 10.9197 
-129.336 67.8702 12.7537 
-136.504 56.4907 13.0781 
-132.418 48.2823 7.82143 
-134.971 46.4477 8.70235 
-130.784 38.0366 3.31596 
-128.232 39.8712 2.43504 
-124.13 31.6304 -2.84229 
-114.119 31.7346 -8.74493 
-114.564 28.6263 -9.55395 
-104.325 28.7328 -15.5909 
-103.88 31.8412 -14.7819 
-93.8675 31.9454 -20.6854 

-96.6835 32.9037 -26.4786 
-89.6323 45.279 -26.3902 
-87.3105 43.9691 -28.2196 
-80.4072 56.0849 -28.133 
-82.729 57.3947 -26.3037 
-75.6674 69.7881 -26.2152 
-80.4957 78.0885 -20.4863 
-82.9574 76.1181 -19.706 
-87.6769 84.2315 -14.1062 
-85.2152 86.202 -14.8864 
-90.0352 94.4883 -9.16726 
-99.5105 94.2047 -3.6444 
-99.9065 91.0919 -4.48377 
-109.179 90.8144 0.921106 
-108.783 93.9272 1.76048 
-118.265 93.6435 7.287 
-125.758 81.7476 7.62613 
-123.518 80.2843 5.79221 
-130.854 68.6371 6.12425 
-133.094 70.1004 7.95817 
-140.599 58.1854 8.29785 
-136.312 49.5718 2.78171 
-138.864 47.7372 3.66263 
-134.678 39.3261 -1.72376 
-132.125 41.1607 -2.60468 
-127.854 32.5793 -8.10012 
-117.387 32.6883 -14.2714 
-117.832 29.5799 -15.0804 
-107.593 29.6865 -21.1173 
-107.149 32.7948 -20.3083 
-96.6835 32.9037 -26.4786 

-38.8249 68.2743 -29.99 
-31.4985 79.2891 -26.2862 
-28.8776 78.0201 -27.6965 
-21.387 89.2819 -23.9096 
-24.008 90.5509 -22.4992 
-16.6852 101.56 -18.7972 
-22.7752 109.849 -12.7165 
-25.4532 108.025 -12.9136 
-31.6835 116.505 -6.69281 
-29.0055 118.328 -6.49573 
-35.1 126.622 -0.410581 
-44.921 126.138 2.12325 
-45.1536 123.243 0.668904 
-55.1952 122.748 3.25967 
-54.9626 125.644 4.71401 
-64.7798 125.16 7.24686 
-72.267 114.103 3.56656 
-69.6567 112.809 2.14582 
-77.3142 101.5 -1.61821 
-79.9245 102.795 -0.197471 
-87.4128 91.7362 -3.87835 
-82.7938 83.7955 -9.35897 
-85.6169 82.1842 -9.40365 
-80.8974 74.0707 -15.0035 
-78.0743 75.682 -14.9588 
-73.4635 67.7555 -20.4297 
-62.012 67.927 -23.5904 
-62.3604 65.0359 -25.0095 
-50.6409 65.2114 -28.2441 
-50.2926 68.1025 -26.8249 
-38.8249 68.2743 -29.99 

-39.9896 70.3226 -36.0623 
-32.3347 81.8313 -32.1923 
-29.7138 80.5623 -33.6026 
-22.2232 91.8241 -29.8157 
-24.8441 93.0931 -28.4054 
-17.1857 104.607 -24.5337 
-23.5564 113.277 -18.1727 
-26.2344 111.454 -18.3698 
-32.4648 119.933 -12.149 
-29.7868 121.757 -11.9519 
-36.153 130.421 -5.59546 
-46.4153 129.915 -2.94776 
-46.6479 127.02 -4.4021 
-56.6896 126.525 -1.81134 
-56.457 129.421 -0.356992 
-66.7232 128.915 2.2917 
-74.551 117.355 -1.55606 
-71.9408 116.06 -2.97679 
-79.5983 104.752 -6.74082 
-82.2085 106.047 -5.32008 
-90.0352 94.4883 -9.16726 
-85.2152 86.202 -14.8864 
-88.0383 84.5907 -14.9311 
-83.3188 76.4772 -20.531 
-80.4957 78.0885 -20.4863 
-75.6674 69.7881 -26.2152 
-63.6802 69.9677 -29.5237 
-64.0285 67.0765 -30.9428 
-52.3091 67.2521 -34.1774 
-51.9607 70.1432 -32.7582 
-39.9896 70.3226 -36.0623 

16.6852 101.56 -18.7972 
22.7752 109.849 -12.7165 
25.5649 108.516 -13.6942 
31.7953 116.995 -7.47339 
29.0055 118.328 -6.49573 
35.1 126.622 -0.410581 
28.5925 135.446 6.06294 
25.8031 134.108 5.08178 
19.1572 143.12 11.693 
21.9466 144.457 12.6742 
15.4568 153.257 19.1301 
-15.4568 153.257 19.1301 
-21.9466 144.457 12.6742 
-19.1572 143.12 11.693 
-25.8031 134.108 5.08178 
-28.5925 135.446 6.06294 
-35.1 126.622 -0.410581 
-29.0055 118.328 -6.49573 
-31.7953 116.995 -7.47339 
-25.5649 108.516 -13.6942 
-22.7752 109.849 -12.7165 
-16.6852 101.56 -18.7972 
-5.64515 101.56 -18.7972 
-5.64515 98.9496 -20.7126 
5.64515 98.9496 -20.7126 
5.64515 101.56 -18.7972 
16.6852 101.56 -18.7972 

17.1857 104.607 -24.5337 
23.5564 113.277 -18.1727 
26.3462 111.945 -19.1504 
32.5766 120.424 -12.9296 
29.7868 121.757 -11.9519 
36.153 130.421 -5.59546 
29.3686 139.62 1.15353 
26.5792 138.283 0.172371 
19.9332 147.294 6.78363 
22.7227 148.631 7.76479 
15.9205 157.855 14.5314 
-15.9205 157.855 14.5314 
-22.7226 148.631 7.76479 
-19.9332 147.294 6.78363 
-26.5792 138.283 0.172371 
-29.3686 139.62 1.15353 
-36.153 130.421 -5.59546 
-29.7868 121.757 -11.9519 
-32.5766 120.424 -12.9296 
-26.3462 111.945 -19.1504 
-23.5564 113.277 -18.1727 
-17.1857 104.607 -24.5337 
-5.64515 104.607 -24.5337 
-5.64515 101.996 -26.4491 
5.64515 101.996 -26.4491 
5.64515 104.607 -24.5337 
17.1857 104.607 -24.5337 

64.7798 125.16 7.24686 
69.1631 131.241 14.4145 
72.0214 129.791 13.8967 
76.4896 135.989 21.2032 
73.6313 137.439 21.721 
78.0203 143.527 28.8982 
15.4458 153.272 19.141 
21.9466 144.457 12.6742 
19.2549 143.646 11.0746 
25.9009 134.634 4.46331 
28.5925 135.446 6.06294 
35.1 126.622 -0.410581 
44.921 126.138 2.12325 
45.3579 123.759 -0.0244206 
55.3995 123.265 2.56635 
54.9626 125.644 4.71401 
64.7798 125.16 7.24686 

66.7232 128.915 2.2917 
71.2763 135.231 9.73707 
74.1347 133.781 9.21923 
78.6029 139.979 16.5257 
75.7445 141.429 17.0436 
80.3609 147.833 24.5925 
15.9092 157.87 14.5427 
22.7227 148.631 7.76479 
20.031 147.82 6.16516 
26.677 138.808 -0.446093 
29.3686 139.62 1.15353 
36.153 130.421 -5.59546 
46.4153 129.915 -2.94776 
46.8523 127.536 -5.09543 
56.8939 127.041 -2.50466 
56.457 129.421 -0.356993 
66.7232 128.915 2.2917 

-114.82 90.916 12.0967 
-117.419 95.6263 17.1673 
-119.665 93.4432 18.0439 
-122.326 98.265 23.2346 
-120.08 100.448 22.358 
-122.685 105.168 27.4386 
-126.335 105.782 31.1958 
-127.469 102.793 30.5818 
-131.183 103.418 34.4046 
-130.048 106.406 35.0186 
-133.68 107.017 38.7567 
-148.381 56.2053 24.0239 
-144.446 56.2999 20.3972 
-145.242 53.2886 19.4544 
-141.224 53.3851 15.751 
-140.427 56.3964 16.6939 
-136.504 56.4907 13.0781 
-129.336 67.8702 12.7537 
-127.521 66.6591 10.3774 
-120.185 78.3063 10.0454 
-122 79.5174 12.4216 
-114.82 90.916 12.0967 

-118.265 93.6435 7.287 
-120.987 98.5768 12.5977 
-123.233 96.3937 13.4743 
-125.894 101.215 18.665 
-123.648 103.399 17.7884 
-126.365 108.323 23.0892 
-130.143 108.958 26.9775 
-131.277 105.97 26.3635 
-134.991 106.594 30.1863 
-133.856 109.583 30.8003 
-137.69 110.228 34.7469 
-152.832 57.8915 19.572 
-148.73 57.99 15.792 
-149.527 54.9787 14.8491 
-145.509 55.0753 11.1458 
-144.712 58.0866 12.0887 
-140.599 58.1855 8.29785 
-133.094 70.1004 7.95817 
-131.279 68.8893 5.58195 
-123.943 80.5365 5.24991 
-125.758 81.7476 7.62613 
-118.265 93.6435 7.287 

-87.4128 91.7362 -3.87835 
-79.9245 102.795 -0.197471 
-77.6011 101.909 -2.26151 
-69.9435 113.217 1.50252 
-72.267 114.103 3.56656 
-64.7798 125.16 7.24686 
-69.1631 131.241 14.4145 
-71.7441 129.267 14.5106 
-76.2123 135.465 21.8171 
-73.6313 137.439 21.721 
-77.9863 143.48 28.8425 
-107.39 133.407 39.1537 
-112.494 123.982 35.244 
-109.962 123.42 33.2937 
-115.116 113.903 29.3455 
-117.649 114.465 31.2958 
-122.685 105.168 27.4386 
-120.08 100.448 22.358 
-122.782 98.6417 22.6512 
-120.121 93.8199 17.4605 
-117.419 95.6263 17.1673 
-114.82 90.916 12.0967 
-105.756 91.1872 6.81343 
-106.57 88.4531 5.27583 
-97.2976 88.7306 -0.129049 
-96.4832 91.4648 1.40855 
-87.4128 91.7362 -3.87835 

-90.0352 94.4883 -9.16726 
-82.2085 106.047 -5.32008 
-79.8851 105.16 -7.38412 
-72.2276 116.469 -3.62009 
-74.551 117.355 -1.55606 
-66.7232 128.915 2.2917 
-71.2763 135.231 9.73707 
-73.8573 133.257 9.8331 
-78.3255 139.456 17.1396 
-75.7445 141.429 17.0436 
-80.3259 147.785 24.5352 
-110.612 137.409 35.1558 
-115.937 127.576 31.0766 
-113.405 127.013 29.1263 
-118.559 117.496 25.1781 
-121.092 118.059 27.1284 
-126.365 108.323 23.0892 
-123.648 103.399 17.7884 
-126.349 101.592 18.0816 
-123.689 96.7704 12.8909 
-120.987 98.5768 12.5977 
-118.265 93.6435 7.287 
-108.783 93.9272 1.76048 
-109.598 91.193 0.222884 
-100.325 91.4705 -5.182 
-99.5105 94.2047 -3.6444 
-90.0352 94.4883 -9.16726 

-35.1 126.622 -0.410581 
-28.5925 135.446 6.06294 
-25.9009 134.634 4.46331 
-19.2549 143.646 11.0746 
-21.9466 144.457 12.6742 
-15.4458 153.272 19.141 
-78.0203 143.527 28.8982 
-73.6313 137.439 21.721 
-76.4896 135.989 21.2032 
-72.0214 129.791 13.8967 
-69.1631 131.241 14.4145 
-64.7798 125.16 7.24686 
-54.9626 125.644 4.71401 
-55.3995 123.265 2.56635 
-45.3579 123.759 -0.0244207 
-44.921 126.138 2.12325 
-35.1 126.622 -0.410581 

-36.153 130.421 -5.59546 
-29.3686 139.62 1.15353 
-26.6769 138.808 -0.446093 
-20.031 147.82 6.16516 
-22.7226 148.631 7.76479 
-15.9092 157.87 14.5427 
-80.3609 147.833 24.5925 
-75.7445 141.429 17.0436 
-78.6029 139.979 16.5257 
-74.1347 133.781 9.21923 
-71.2763 135.231 9.73707 
-66.7232 128.915 2.2917 
-56.457 129.421 -0.356992 
-56.8939 127.041 -2.50466 
-46.8523 127.536 -5.09543 
-46.4153 129.915 -2.94776 
-36.153 130.421 -5.59546 

-122.685 105.168 27.4386 
-117.649 114.465 31.2958 
-115.374 114.172 29.0335 
-110.219 123.689 32.9817 
-112.494 123.982 35.244 
-107.449 133.297 39.1082 
-125.111 125.108 47.343 
-133.661 107.014 38.7374 
-130.048 106.406 35.0186 
-131.568 103.739 33.9781 
-127.854 103.114 30.1553 
-126.335 105.782 31.1958 
-122.685 105.168 27.4386 

-126.365 108.323 23.0892 
-121.092 118.059 27.1284 
-118.817 117.765 24.8661 
-113.662 127.282 28.8143 
-115.937 127.576 31.0766 
-110.673 137.296 35.1088 
-128.864 128.861 43.5907 
-137.671 110.224 34.727 
-133.856 109.583 30.8003 
-135.376 106.915 29.7598 
-131.662 106.291 25.937 
-130.143 108.958 26.9775 
-126.365 108.323 23.0892 

